(1.000000)
(0.587679)
(0.439859)
(0.361388)
(0.314839)
(0.289513)
(0.268367)
(0.253206)
(0.239624)
(0.228600)
(0.222331)
(0.213500)
(0.207645)
(0.201530)
(0.197348)
(0.193351)
(0.190415)
(0.186668)
(0.182828)
(0.179258)
(0.176924)
(0.174154)
(0.171135)
(0.167551)
(0.164370)
(0.161190)
(0.158044)
(0.154750)
(0.151539)
(0.148629)
(0.151620)
(0.153436)
(0.156301)
(0.158149)
(0.160441)
(0.162172)
(0.162929)
(0.161530)
(0.160343)
(0.158787)
(0.158022)
(0.157258)
(0.156830)
(0.156121)
(0.155510)
(0.154631)
(0.153925)
(0.153417)
(0.153209)
(0.152753)
(0.152742)
(0.152876)
(0.153094)
(0.152960)
(0.152926)
(0.152675)
(0.152524)
(0.152143)
(0.151845)
(0.151519)
(0.152897)
(0.153906)
(0.155462)
(0.156823)
(0.158129)
(0.159088)
(0.160264)
(0.160965)
(0.161681)
(0.161884)
(0.162037)
(0.161946)
(0.162169)
(0.161819)
(0.161297)
(0.160540)
(0.159805)
(0.159095)
(0.158396)
(0.157677)
(0.156845)
(0.156199)
(0.155643)
(0.155070)
(0.154641)
(0.154208)
(0.154164)
(0.153889)
(0.153679)
(0.153249)
(0.153290)
(0.153068)
(0.153079)
(0.152895)
(0.152801)
(0.152573)
(0.152394)
(0.152382)
(0.152289)
(0.152171)
(0.151970)
(0.151688)
(0.151427)
(0.151167)
(0.151089)
(0.151047)
(0.151117)
(0.151089)
(0.151177)
(0.151155)
(0.151187)
(0.151119)
(0.151063)
(0.150957)
(0.150941)
(0.150831)
(0.150902)
(0.150882)
(0.150849)
(0.150743)
(0.150891)
(0.150894)
(0.150960)
(0.150832)
(0.150706)
(0.150529)
(0.150508)
(0.150910)
(0.151639)
(0.152670)
(0.153749)
(0.154742)
(0.155721)
(0.156641)
(0.157560)
(0.158295)
(0.158858)
(0.159454)
(0.160683)
(0.162180)
(0.164005)
(0.165715)
(0.167403)
(0.169062)
(0.170807)
(0.172443)
(0.174033)
(0.176309)
(0.179044)
(0.181514)
(0.184081)
(0.186070)
(0.187950)
(0.189828)
(0.191859)
(0.194301)
(0.196783)
(0.199529)
(0.201987)
(0.204443)
(0.206793)
(0.209050)
(0.211298)
(0.213378)
(0.215455)
(0.217484)
(0.220443)
(0.223323)
(0.226167)
(0.228961)
(0.231772)
(0.234521)
(0.237243)
(0.239818)
(0.242248)
(0.243986)
(0.245575)
(0.247045)
(0.248499)
(0.249456)
(0.250401)
(0.251103)
(0.251760)
(0.252400)
(0.253024)
(0.253582)
(0.254116)
(0.254605)
(0.255094)
(0.255523)
(0.256011)
(0.256465)
(0.256926)
(0.257511)
(0.257965)
(0.258354)
(0.258757)
(0.259107)
(0.259472)
(0.259809)
(0.260108)
(0.260392)
(0.260693)
(0.260966)
(0.261295)
(0.261620)
(0.261981)
(0.262353)
(0.262693)
(0.263032)
(0.263380)
(0.263696)
(0.264020)
(0.264287)
(0.264569)
(0.264812)
(0.265063)
(0.265286)
(0.265487)
(0.265684)
(0.265861)
(0.266026)
(0.266203)
(0.266339)
(0.266510)
(0.266637)
(0.266787)
(0.266927)
(0.267104)
(0.267235)
(0.267355)
(0.267481)
(0.267611)
(0.267703)
(0.267792)
(0.267888)
(0.267998)
(0.268049)
(0.268087)
(0.268098)
(0.268131)
(0.268136)
(0.268154)
(0.268163)
(0.268190)
(0.268240)
(0.268289)
(0.268313)
(0.268377)
(0.268400)
(0.268518)
(0.268688)
(0.268793)
(0.268923)
(0.269030)
(0.269123)
(0.269222)
(0.269313)
(0.269423)
(0.269495)
(0.269589)
(0.269651)
(0.269721)
(0.269762)
(0.269875)
(0.269950)
(0.270012)
(0.270084)
(0.270153)
(0.270171)
(0.270196)
(0.270188)
(0.270204)
(0.270214)
(0.270225)
(0.270214)
(0.270219)
(0.270239)
(0.270257)
(0.270254)
(0.270276)
(0.270437)
(0.270815)
(0.271313)
(0.272121)
(0.273050)
(0.274014)
(0.274965)
(0.275975)
(0.276877)
(0.277719)
(0.278475)
(0.279397)
(0.280311)
(0.281197)
(0.282033)
(0.282898)
(0.283902)
(0.285165)
(0.286092)
(0.287063)
(0.288000)
(0.289238)
(0.290548)
(0.291864)
(0.292792)
(0.293665)
(0.294454)
(0.295273)
(0.296072)
(0.296863)
(0.297649)
(0.298429)
(0.299229)
(0.299999)
(0.300769)
(0.301538)
(0.302281)
(0.302996)
(0.303642)
(0.304272)
(0.304884)
(0.305829)
(0.306750)
(0.307696)
(0.308648)
(0.309637)
(0.310621)
(0.311630)
(0.312599)
(0.313553)
(0.314455)
(0.315320)
(0.316124)
(0.316858)
(0.317485)
(0.318053)
(0.318518)
(0.318978)
(0.319163)
(0.319304)
(0.319426)
(0.319557)
(0.319622)
(0.319732)
(0.319834)
(0.319921)
(0.320006)
(0.320121)
(0.320174)
(0.320215)
(0.320214)
(0.320206)
(0.320166)
(0.320138)
(0.320095)
(0.320075)
(0.320044)
(0.319992)
(0.319902)
(0.319833)
(0.319768)
(0.319699)
(0.319602)
(0.319522)
(0.319433)
(0.319334)
(0.319211)
(0.319097)
(0.318968)
(0.318850)
(0.318714)
(0.318591)
(0.318459)
(0.318326)
(0.318176)
(0.318072)
(0.317968)
(0.317856)
(0.317733)
(0.317638)
(0.317560)
(0.317488)
(0.317397)
(0.317318)
(0.317224)
(0.317137)
(0.317031)
(0.316911)
(0.316770)
(0.316632)
(0.316465)
(0.316331)
(0.316166)
(0.316049)
(0.315897)
(0.315759)
(0.315599)
(0.315472)
(0.315322)
(0.315179)
(0.314987)
(0.314813)
(0.314664)
(0.314497)
(0.314337)
(0.314178)
(0.313993)
(0.313788)
(0.313597)
(0.313434)
(0.313268)
(0.313158)
(0.312963)
(0.312814)
(0.312706)
(0.312768)
(0.312924)
(0.313192)
(0.313451)
(0.313780)
(0.314048)
(0.314265)
(0.314501)
(0.314769)
(0.314967)
(0.315140)
(0.315369)
(0.315558)
(0.315790)
(0.316038)
(0.316282)
(0.316536)
(0.316844)
(0.317140)
(0.317419)
(0.317774)
(0.318128)
(0.318456)
(0.318673)
(0.318735)
(0.318836)
(0.318932)
(0.319044)
(0.319191)
(0.319399)
(0.319563)
(0.319715)
(0.319885)
(0.320059)
(0.320218)
(0.320318)
(0.320382)
(0.320464)
(0.320564)
(0.320667)
(0.320754)
(0.320837)
(0.320870)
(0.320881)
(0.320884)
(0.320938)
(0.321227)
(0.321538)
(0.321925)
(0.322290)
(0.322655)
(0.322987)
(0.323356)
(0.323660)
(0.323960)
(0.324192)
(0.324382)
(0.324512)
(0.324597)
(0.324629)
(0.324643)
(0.324553)
(0.324428)
(0.324277)
(0.324175)
(0.324050)
(0.323937)
(0.323807)
(0.323695)
(0.323585)
(0.323475)
(0.323340)
(0.323206)
(0.323063)
(0.322942)
(0.322818)
(0.322699)
(0.322600)
(0.322513)
(0.322451)
(0.322419)
(0.322388)
(0.322388)
(0.322370)
(0.322369)
(0.322328)
(0.322306)
(0.322254)
(0.322226)
(0.322201)
(0.322197)
(0.322208)
(0.322184)
(0.322151)
(0.322164)
(0.322115)
(0.322080)
(0.322036)
(0.322025)
(0.321976)
(0.321911)
(0.321835)
(0.321731)
(0.321633)
(0.321540)
(0.321446)
(0.321351)
(0.321238)
(0.321134)
(0.321078)
(0.321102)
(0.321054)
(0.320972)
(0.320885)
(0.320824)
(0.320754)
(0.320703)
(0.320624)
(0.320538)
(0.320429)
(0.320305)
(0.320180)
(0.320051)
(0.319939)
(0.319842)
(0.319710)
(0.319591)
(0.319492)
(0.319387)
(0.319278)
(0.319202)
(0.319110)
(0.319031)
(0.318951)
(0.318892)
(0.318865)
(0.318795)
(0.318741)
(0.318672)
(0.318581)
(0.318567)
